# CPTS 315: Programming Assignment 2 (PA2) 

## Libraries:

import numpy as np
import pandas as pd
from itertools import combinations
from numpy import linalg
import scipy.spatial

## Description: 

Load ratings.txt and compute items in each row into lists. Then, make two profiles, one for users and one for movies and load the appropriate data into those profiles with the user_profile() and movie_profile() functions.

Then, create a matrix from the movie profile using define_matrix() and normalize that matrix using the normalizaed_matrix() function. Use the normalized matrix to find the cosine similarity score using the similarity_scores() function. 

From the similarity scores that compare each movie to each other, find the k-nearest neighbor that outputs the top five similar scores to that score using the neighborhood_selection() function. 

Then, using the estimate_ratings() function, estimate the ratings of other users who didn’t rate the movie the using the neighborhood set. 

Lastly, recommend the movies for each user using the recommended_movies() function and output the top five recommended movies for each user with the following output below in output.txt. 

## Output:

1 2938 1356 1 2 3
2 708 237 1554 2696 805
3 590 587 150 2478 648
4 4453 595 6170 780 1517
5 539 1517 6333 587 3988
6 2301 4191 3578 1084 923
7 858 4993 2028 133419 1262
8 3033 2628 2997 5995 4027
9 262 4993 5952 5989 531
10 2683 383 1485 6005 1580
11 268 53322 72998 85774 568
12 4310 3717 4492 1261 704
13 3977 7153 364 150 6539
14 1784 4025 3408 2722 435
15 86298 82459 6721 6461 95873
16 3409 3617 3785 2628 4967
17 2051 353 2947 1225 588
18 754 1356 474 1113 191
19 3678 2020 1050 50804 2011
20 2070 1917 31433 442 2406
21 745 2336 4993 1276 1681
22 733 3785 7482 29 44204
23 2732 1784 4898 27020 1131
24 733 442 832 1356 474
25 1113 805 62 95 733
26 33679 2423 41571 2012 25769
27 1097 892 1961 1504 318
28 104879 3186 262 858 4993
29 4993 5952 5053 5387 5609
30 225 802 10 489 153
31 110 520 1225 2916 2478
32 587 780 10 586 160
33 367 5308 3959 4544 5298
34 7841 262 1927 3704 3350
35 1096 45081 2150 2938 1356
36 3556 3267 353 896 31658
37 588 2683 2125 33493 2054
38 2408 77455 6776 6104 53322
39 377 349 881 1895 19
40 109187 7438 113345 113741 1210
41 2062 39715 480 2942 1642
42 1240 608 1214 2 377
43 590 2028 2029 587 1097
44 719 316 1917 480 442
45 941 3481 2291 466 750
46 2380 2571 539 339 2294
47 500 587 586 480 377
48 57401 6936 8138 72224 1876
49 1517 2716 4394 2940 1087
50 500 1240 586 1370 1917
51 2505 1690 2311 2716 2428
52 94466 8464 941 33493 2294
53 2628 1876 780 3701 4034
54 597 6711 2687 41997 8965
55 711 135 88 442 316
56 119141 71518 48877 55577 98083
57 1396 2167 3827 2683 2470
58 466 370 2918 1461 1544
59 2571 589 2012 2 90376
60 6060 6057 5882 2706 62336
61 3578 597 356 539 208
62 7153 2571 122904 65230 114028
63 8636 8961 6539 4886 8360
64 10 608 377 1407 185
65 2420 3100 4191 908 952
66 2926 50804 1097 165 1748
67 608 1580 2 50804 339
68 2571 2892 6333 4445 2133
69 367 539 8360 1485 2571
70 74 991 754 191 66
71 4967 1900 4772 1273 4784
72 89840 75341 750 4833 68237
73 71211 142488 3693 8645 46723
74 316 3082 329 434 349
75 2193 5093 2640 3785 6880
76 2594 105 5308 6051 5956
77 6722 4440 1799 2010 6249
78 489 1372 1909 457 3624
79 3831 653 3 4 5
80 1566 103 1003 1148 892
81 3266 1884 5410 106782 3569
82 585 2028 19 1721 587
83 1036 5872 7317 8861 6888
84 4901 2722 4367 4744 4247
85 780 1372 1356 474 1097
86 103 1003 1372 1352 1356
87 9 1653 376 65 296
88 274 85774 90376 7316 4128
89 19 5378 367 33493 4993
90 62 270 653 1278 296
91 344 2404 6377 8665 8984
92 733 444 392 3114 1097
93 2571 3320 85774 31658 58559
94 587 41571 19 1407 86882
95 33493 1923 1986 3325 367
96 1230 1283 1276 2745 8370
97 941 3785 1909 90376 3916
98 6942 7293 587 2012 68135
99 3129 1252 3990 1148 158
100 719 762 1113 805 1372
101 38038 2115 1372 72998 72641
102 55 4424 2946 1050 4970
103 5378 2455 5995 8253 2010
104 81834 435 71282 5528 3986
105 5548 7482 6286 74 3118
106 7060 5377 26084 356 4545
107 2028 1183 608 7438 2571
108 1 316 1372 2 1356
109 2628 2161 3033 1876 608
110 442 316 22 146 333
111 1498 3284 4190 1085 26084
112 719 762 289 1372 364
113 191 719 3 45 88
114 377 1 231 150 344
115 344 1580 1097 719 762
116 19 344 8360 6377 4886
117 587 597 339 97225 92259
118 1097 4329 27022 1025 2716
119 149 914 3799 81 6989
120 80 65 216 1485 4016
121 2028 353 1917 6850 1105
122 531 3791 6104 2 3
123 1183 2043 2279 2516 6502
124 4886 5349 231 367 344
125 19 1517 6874 1923 1527
126 1580 1097 6850 19 586
127 489 74 65 587 344
128 185 34 208 596 339
129 2628 4474 2028 2029 2231
130 40819 7367 1029 45183 1032
131 308 3751 5502 3911 527
132 4641 89864 4772 2973 3925
133 1682 1221 3991 48516 1230
134 33493 72378 134130 8665 3704
135 369 5 494 719 3
136 8360 2381 1515 33493 8387
137 480 500 344 434 608
138 145 750 1682 5989 1208
139 260 2683 2115 1291 104
140 2082 2042 374 8360 4886
141 527 110 3977 1608 1918
142 6365 6934 1407 7458 172
143 1527 48394 5995 1610 590
144 597 608 1580 474 1407
145 539 349 2 1721 1580
146 595 466 3114 7153 1517
147 6874 941 85774 1527 106782
148 594 6377 8360 8368 6934
149 122900 85438 103279 5218 111659
150 3785 65 6934 3752 46965
151 1721 1580 780 1372 1356
152 5378 527 63 70533 2502
153 608 761 3284 4190 308
154 719 369 86 316 494
155 364 745 1265 1923 1036
156 80 380 2407 6953 733
157 1635 8784 7064 6286 6857
158 2411 2410 2949 2989 2947
159 4896 2115 1291 1407 3702
160 3886 2505 1690 529 208
161 1653 2334 444 208 392
162 86 633 1961 1704 34
163 27020 590 587 69481 106766
164 1485 1269 2115 1084 1291
165 1717 2380 368 1366 39435
166 4306 8360 8972 110 8961
167 671 1089 377 2 2011
168 4993 1258 480 1265 1270
169 5349 72641 6365 6249 8984
170 2770 56921 2 3 4
171 2968 914 4993 1287 2568
172 501 1429 231 344 1485
173 719 255 140 786 1340
174 1372 19 208 3869 56775
175 7153 2042 1429 1393 1667
176 109487 81834 435 3986 96610
177 260 4128 500 2541 1683
178 6711 90376 3897 2115 38038
179 54001 96079 40815 5218 31658
180 1270 1036 2722 1580 1777
181 377 434 4993 5952 2012
182 762 57 1721 586 179
183 31410 44555 3034 433 2630
184 1148 6850 3114 177 268
185 5952 500 1876 480 3408
186 1683 6721 5378 750 94466
187 2059 7060 5377 26084 48877
188 1721 6170 434 2028 185
189 1517 1649 5254 4011 30810
190 2237 5241 1 2062 2568
191 539 608 3 4 5
192 6170 1 1485 222 150
193 2115 1291 104 3033 1923
194 595 588 1 10 163
195 4453 1858 594 1032 2836
196 2993 1722 8 3751 2311
197 480 1665 1375 1683 5378
198 745 466 21 3350 2033
199 2409 2412 40278 48322 27839
200 27251 5266 1429 51935 5952
201 4735 8372 6615 1265 590
202 239 2668 3810 2772 3807
203 760 55280 2706 3033 4718
204 5179 5404 5304 4784 4166
205 150548 74946 60514 74580 6934
206 3552 1210 260 2730 2081
207 2522 26700 4265 1097 520
208 19 344 6373 2969 1221
209 9 762 733 1 2
210 6934 5378 33493 3773 2449
211 86 2028 633 786 858
212 5419 7369 5279 72641 2686
213 72641 4381 73929 11 270
214 1265 80 90376 736 2167
215 4531 786 1544 349 1276
216 6874 4306 1291 2797 4492
217 1485 2683 6539 4886 33493
218 5294 3441 924 55280 589
219 364 2770 1485 65 25769
220 6620 4149 2355 2231 27022
221 1517 104 586 440 1923
222 471 907 4970 3682 4329
223 95 694 474 9 1097
224 489 590 595 540 231
225 500 10 377 1 1580
226 1688 4676 3147 44022 1584
227 3946 330 2988 2043 1431
228 466 1265 19 2797 1097
229 914 68954 4007 90376 2719
230 5296 86190 34405 5528 1391
231 1097 90376 1231 4649 4678
232 6170 339 1929 4453 3076
233 296 1097 316 5 74
234 1682 318 1909 80 2969
235 208 6539 6333 586 786
236 25771 4271 858 2916 7505
237 7153 2571 353 1097 4027
238 45517 5989 68157 80463 5218
239 1 34 8 268 364
240 31225 4492 364 3176 8918
241 444 392 270 627 761
242 539 4191 434 2716 2398
243 6365 6874 1909 5564 5938
244 4381 2012 1391 941 4367
245 1961 150 6539 2011 902
246 587 597 339 1265 1923
247 1485 590 1097 318 150
248 5952 589 590 2028 2141
249 364 586 19 316 150
250 6377 8970 94466 46965 5952
251 7482 8784 318 1923 5349
252 2 754 380 208 704
253 2571 8360 2011 1243 1876
254 484 238 2078 594 1022
255 2571 7155 6874 5949 6721
256 86 633 711 65 74
257 5179 3822 5237 5304 4768
258 2795 2612 948 112460 4970
259 2082 2042 1267 1225 440
260 6365 1372 316 10 1356
261 367 186 72641 165 8784
262 26116 1419 8158 941 4492
263 7980 260 231 3988 3977
264 595 588 2683 585 112
265 90376 1203 3199 1498 3682
266 585 110 1580 597 344
267 2571 4958 3408 2541 3147
268 6170 590 520 1717 85774
269 2553 3253 1252 356 3082
270 3275 3578 106766 102445 8917
271 5349 4886 6377 466 370
272 89904 31221 6548 6595 4701
273 54001 8636 7438 46578 102445
274 6850 33683 6790 177 1255
275 19 48394 2 1777 2722
276 2516 5040 2018 849 19
277 6934 590 5378 33493 1196
278 3913 4191 1204 1230 2181
279 208 1721 1097 780 2028
280 1210 356 1961 1704 34
281 500 2011 4453 2716 2797
282 1517 6377 4886 5349 1918
283 1262 72 7155 5949 5379
284 74 380 1961 208 1704
285 1544 294 5378 33493 3799
286 356 590 704 445 5378
287 6333 85774 56775 6365 89904
288 3869 374 784 333 548
289 4447 6942 4014 7293 3271
290 1356 1479 2628 2713 4270
291 1282 4993 110 2115 1196
292 6721 316 6539 8360 4310
293 4270 6721 786 1673 7373
294 8873 3799 8861 2134 8783
295 19 1200 1265 329 4735
296 595 8360 1 671 45499
297 8507 74228 1060 5611 982
298 63 70533 4306 8644 8360
299 7943 3956 841 7766 90376
300 780 33493 5378 1876 590
301 90376 61729 86882 71464 5218
302 231 344 1407 1485 608
303 435 2617 3285 55765 94466
304 46578 4014 262 56757 1667
305 2863 496 2411 2412 3019
306 367 80 1007 1347 434
307 85774 6711 1682 25769 588
308 733 259 450 1113 95
309 1036 2571 90376 1210 26084
310 520 3255 551 1 2
311 54286 2687 4143 3882 5380
312 496 74 2938 1380 2594
313 2628 6333 238 2912 3793
314 2115 1210 7153 1097 4993
315 3552 6942 2011 3160 4898
316 2628 102125 8644 5507 52722
317 1372 1356 377 1370 589
318 442 42 66 316 107
319 165 329 1097 2 10
320 1230 31410 4993 44204 44022
321 935 3417 5179 704 5304
322 3957 524 3326 4345 3556
323 19 4306 8360 208 356
324 1784 344 546 5128 4744
325 39 1375 1 2 3
326 2596 3930 2817 3519 2716
327 6365 1372 2161 19 3977
328 5662 97866 5225 6016 6365
329 1113 805 62 1372 364
330 2968 914 6184 2021 1287
331 3271 158 8957 2706 2528
332 5254 5995 33683 1255 1809
333 5620 5952 74458 6942 7444
334 5903 364 527 110 590
335 1221 1208 68954 4022 3408
336 296 1094 1221 7841 1210
337 1372 316 10 457 1240
338 1407 1240 733 231 19
339 2011 72641 590 435 44204
340 7153 595 588 1 43928
341 2193 3827 2402 3298 88
342 590 1036 2946 1105 307
343 1196 380 208 1148 364
344 2115 103 1003 779 72209
345 8360 8636 6333 4011 2683
346 2772 2803 3177 7367 80
347 102445 2628 5378 122904 733
348 1321 627 761 1425 535
349 3173 6249 2801 2393 111
350 1517 36519 3033 4718 1370
351 3844 3810 3706 364 1221
352 1210 70846 5008 527 7505
353 8589 8528 1623 27022 3825
354 261 4898 280 3265 6850
355 2791 3408 6477 3481 8253
356 3598 3053 2724 1805 2387
357 367 1148 186 1105 1580
358 1097 1923 1252 2894 2886
359 496 6316 38038 72998 31433
360 4022 3408 1407 90376 1806
361 1196 704 135 2 316
362 4886 2011 8360 73587 2797
363 6170 1610 2023 4453 2683
364 539 339 1777 11 1036
365 54286 2968 2011 356 8636
366 6333 72641 1210 31658 102445
367 4993 2628 1210 6989 1586
368 380 6093 5012 5378 33493
369 1721 2028 1380 420 1
370 8372 6909 6874 55 858
371 74795 52458 55280 1682 590
372 587 1380 377 339 1777
373 585 55 4326 1673 1215
374 2167 5628 4054 6365 2628
375 597 474 1407 1372 1356
376 3489 2088 1276 1407 969
377 44204 355 7155 8873 588
378 44204 1527 48394 46723 941
379 1183 1544 1909 3701 4034
380 1485 231 5459 87529 1291
381 364 1 4095 733 7386
382 1005 6373 1136 3067 3751
383 1097 364 3114 1653 1210
384 8961 1717 5872 38499 185
385 1097 1407 90376 45081 2
386 2231 3006 3253 337 2539
387 2683 594 2688 956 1961
388 44204 2291 3253 27831 380
389 377 165 711 2028 329
390 597 1479 442 2 1608
391 376 1105 858 3819 7072
392 52435 60397 140 383 6005
393 4372 2505 6331 4649 2660
394 6539 6934 33493 54001 941
395 5378 33493 1196 1909 1372
396 191 217 733 1580 4898
397 2993 3173 317 4052 2991
398 1717 4816 8957 4247 2990
399 6850 177 608 3 4
400 6170 1022 1580 780 1097
401 3313 3028 364 2279 4993
402 135887 77364 4054 66203 95199
403 6755 1241 982 3678 5069
404 1214 1200 3324 3865 3773
405 6365 919 1923 4903 2416
406 306 78499 293 5952 25769
407 1252 633 6721 7254 1050
408 262 736 5378 33493 369
409 1406 3265 364 31658 3114
410 7153 1580 590 54286 364
411 3069 3138 2616 361 3044
412 1717 1862 165 1923 1517
413 380 442 208 1372 329
414 3005 858 2881 1207 1225
415 2 377 586 160 589
416 2137 259 58 222 1252
417 6333 736 5418 26084 3793
418 539 595 587 8372 3798
419 2294 26729 3253 8636 364
420 858 2529 3791 924 1449
421 329 2028 474 4898 3
422 4453 2398 1670 2739 223
423 7811 7812 806 80 2969
424 1806 1321 3253 1 2
425 2683 1485 364 34 2355
426 59725 44022 59369 5378 33493
427 2973 6947 4217 5625 4011
428 2797 2012 85774 19 33154
429 62081 2888 1 2 3
430 6721 208 27022 58559 377
431 54286 3148 8117 47491 1203
432 5952 4993 316 1917 442
433 38038 2502 344 1221 96079
434 982 3678 4424 588 80
435 1148 364 745 1265 480
436 3678 982 1050 908 2020
437 356 1580 497 608 377
438 5903 94466 90376 608 5989
439 33493 6286 4720 3158 6365
440 1580 267 218 1097 3869
441 4019 4262 1105 1112 2355
442 10 6539 19 6942 5952
443 1240 64993 32587 2555 3224
444 2408 3726 6776 2124 2949
445 637 2382 590 587 2411
446 5816 5418 54001 6365 72641
447 2028 74 45 292 367
448 1097 2115 2716 72641 31658
449 608 1 110 587 1407
450 8197 44694 86190 5932 5528
451 33493 58 1252 5820 2571
452 6316 1900 4772 8117 47491
453 10 2011 2431 3173 364
454 1210 1097 4011 94466 7438
455 231 367 2 19 1097
456 1097 8784 89745 2 72641
457 3852 72226 750 44204 2206
458 150 5378 1909 1380 339
459 364 3114 1210 1196 719
460 2355 2371 4424 6721 2447
461 2054 58559 8253 4886 6711
462 1485 2683 1918 2115 1291
463 8360 44204 6539 40414 2002
464 364 316 539 329 1
465 8368 3871 3791 3886 1028
466 80 6170 1084 2096 1214
467 1961 356 3260 2712 2237
468 79274 74228 1060 7505 3307
469 760 1321 337 2671 2311
470 941 1653 2334 2696 537
471 2381 2379 8387 1359 2153
472 3655 1485 3552 2115 3729
473 480 5952 2628 1 6377
474 588 364 86 3406 337
475 122904 96488 73881 140174 85796
476 2628 2571 2713 4370 2590
477 27022 1375 1372 7482 95875
478 5418 102445 73881 1682 122904
479 38038 344 36519 33679 1682
480 1876 1005 941 316 2042
481 965 31410 7943 841 3678
482 356 1291 1200 2797 1270
483 89904 3704 1320 89745 95510
484 762 547 316 1917 442
485 2641 2081 2428 4228 1307
486 19 344 6711 3785 1036
487 733 553 835 780 1
488 799 89864 35836 61071 117444
489 1 2355 2723 671 34
490 74 380 208 832 1356
491 55 2537 262 1667 2606
492 132 181 444 4383 6794
493 1526 2561 2950 3609 146
494 110 4027 113345 113741 45081
495 500 1721 2028 586 185
496 1356 74 10 1721 1580
497 2302 1291 1704 4993 2023
498 543 1479 595 11 1608
499 910 4191 2764 1204 1131
500 27251 7316 3988 25769 390
501 5809 4661 57528 47423 6539
502 1888 1485 2683 232 2553
503 78316 59725 74688 91104 88267
504 902 779 2085 431 24
505 3052 64957 34319 1777 8907
506 231 367 262 186 3114
507 1196 2 1148 369 190
508 608 633 1407 90376 2028
509 2091 55 3313 1232 4478
510 982 3678 1132 1050 2020
511 191 1148 110 1105 453
512 7293 3717 3948 68157 2997
513 2028 608 4898 474 1407
514 858 1221 536 4993 1924
515 1595 5952 44195 1 102445
516 608 367 151 58 246
517 364 10 1721 150 349
518 1923 991 547 3693 2153
519 122900 4007 4453 2797 38038
520 3071 1105 1584 58 19
521 5952 1210 31410 1097 94466
522 3785 2012 3825 7348 2410
523 597 185 1517 208 1270
524 62644 52952 2140 55094 32017
525 780 33493 6365 1876 329
526 3408 356 1682 5989 318
527 1375 2804 6787 5669 3246
528 1951 4979 1017 4898 2015
529 1228 3265 3822 4784 711
530 1097 2 6170 4453 318
531 597 2687 2338 2389 58803
532 231 4886 367 4306 2701
533 4993 165 1210 1372 2716
534 595 704 1690 4143 2628
535 1407 780 1097 2028 3
536 364 688 10 474 367
537 316 1375 1105 2021 4453
538 3114 58 1252 364 356
539 2285 1096 213 1406 1415
540 4280 3868 6373 6287 6942
541 1291 2797 1270 1097 2571
542 3578 3114 8360 145 31658
543 95 74 442 832 1517
544 57669 5418 82854 4720 106782
545 213 264 1415 30 2144
546 588 5952 4993 19 104
547 784 80 8 76251 616
548 1097 711 2028 1105 1210
549 924 1207 1225 1213 1208
550 4993 2021 190 1097 2683
551 231 259 450 267 711
552 608 353 2085 2078 1653
553 2628 72641 1517 8784 2993
554 4520 4670 2312 1389 2932
555 31658 541 268 26776 3948
556 10 377 1372 587 367
557 1380 8522 779 431 72209
558 2396 50804 529 1204 2722
559 1923 1917 434 3256 595
560 2628 367 80 435 2716
561 58559 50804 51086 27022 8371
562 1485 587 58559 54001 8984
563 46723 247 3897 38038 6874
564 484 3766 3177 1806 4492
565 1096 4993 5952 1097 296
566 4630 72641 2617 33437 90405
567 1036 122904 2012 1270 1580
568 780 2 185 1372 1356
569 150 457 1221 1287 2336
570 1407 1265 316 45499 4054
571 268 369 2628 55280 1876
572 33679 1961 39446 440 6942
573 110 1022 588 1 594
574 3565 2044 1717 38038 2962
575 1372 2605 2161 547 10
576 90376 3990 3721 31374 2125
577 1391 8636 608 3408 594
578 68954 68157 7293 7153 6539
579 79091 66297 1 2 3
580 5026 1255 102445 2000 3785
581 637 1371 3173 2411 2410
582 1393 44204 5225 4310 2088
583 33794 33679 608 2571 1208
584 8360 8984 590 33679 72641
585 1200 1291 848 3090 90376
586 1097 7438 589 2642 377
587 4191 94466 2683 3176 80
588 2028 608 587 1407 1721
589 3702 2410 597 1097 2
590 489 90376 802 540 1370
591 3255 1566 3869 466 19
592 3799 1876 185 1265 4993
593 1653 802 2334 733 711
594 745 1097 1193 590 2115
595 1252 50804 2193 3827 90376
596 103 1003 3990 3129 2881
597 364 3114 367 1923 21
598 65 7153 1449 543 1282
599 4531 2722 53207 75985 47382
600 595 1 2683 109374 5952
601 3438 4848 6711 38038 2083
602 1 1580 270 627 761
603 377 268 1485 2683 2028
604 2011 2012 2294 4159 4091
605 367 1371 3408 2355 2311
606 2398 2739 153 4993 37731
607 58559 72641 7482 2792 44204
608 2321 34326 3481 4282 8117
609 366 3153 2297 496 3206
610 8970 34319 745 51255 3754
611 595 1 364 2628 3082
612 6365 1225 2628 33493 68954
613 1196 8636 5349 6377 58559
614 3089 80 2969 90376 2628
615 89904 89840 370 3897 5528
616 786 1210 1196 369 95
617 2372 2478 1517 1367 586
618 858 33493 5668 1407 383
619 1 356 58 1252 90376
620 54001 4025 58998 82854 5459
621 3705 2628 2405 3744 383
622 6333 5349 5952 6377 4886
623 4993 2380 8360 8984 941
624 34 3273 1258 61323 809
625 5903 80463 5218 7293 89745
626 4205 1717 165 3350 597
627 40278 48322 27839 71379 3978
628 4848 2858 5013 3176 31433
629 231 1721 344 267 367
630 1225 1208 590 587 150
631 165 1717 593 7 1193
632 2694 6539 3827 4016 2402
633 110 3 4 5 7
634 1207 1225 1213 1375 1208
635 1407 1265 1097 1 2
636 748 190 1289 296 5
637 754 3978 3598 1090 1094
638 2372 3033 2134 2447 3
639 58 489 1252 802 474
640 316 1917 442 1097 480
641 442 316 688 586 1717
642 2126 4191 3145 3956 1120
643 1210 7438 106489 91542 71535
644 55 1673 1954 466 3265
645 317 6016 4148 3081 4370
646 344 367 34 762 2628
647 1097 2770 2044 3990 8117
648 4040 1682 6934 58998 86190
649 231 367 688 280 1097
650 316 1917 442 52 480
651 1210 2125 4993 2115 1291
652 2051 4310 31162 34523 287
653 104 8 2683 2115 1291
654 185 54001 44204 3799 3978
655 2012 1580 3033 2115 4718
656 1 34 1084 5378 33493
657 1407 1372 208 586 160
658 1022 1 590 6170 733
659 10 1097 2 1580 586
660 71535 80463 59615 5903 8368
661 4993 941 541 497 2571
662 1721 1586 1917 2529 2687
663 76077 140110 122902 122892 133195
664 83613 6879 1517 72378 4367
665 2664 2410 208 7153 4054
666 367 318 3506 186 1097
667 376 103 1003 633 1097
668 7841 3148 858 1407 1097
669 2571 1517 1252 1923 2568
670 1517 238 484 421 2093
671 8360 7153 6377 6539 1210

